run_id,protocol,condition,model_family,seed,outer_fold,loso_subject,run_key,subject_id,y_true,y_pred,class_score_0,class_score_1,class_score_2,class_score_3,config_hash,feature_manifest_hash
mm__missing_head_movement__hdc_classification__fold_1__seed_45,RETRAIN_WITHOUT_MODALITY,MISSING_HEAD_MOVEMENT,HDC+OnlineHD Hybrid,45,1,,sub-cp004_ses-20210330_level-01B_run-001,sub-cp004,0,0,0.90473783,0.8799071,0.83151495,0.74705356,cd94acdf0bcb463b5f48a7c84110a23059899b6b5bf156131694827d7d7bde66,bf6655093e0630396c17dc73f9332f3d174a17e481381d88960c18fa3e36db08
mm__missing_head_movement__hdc_classification__fold_1__seed_45,RETRAIN_WITHOUT_MODALITY,MISSING_HEAD_MOVEMENT,HDC+OnlineHD Hybrid,45,1,,sub-cp004_ses-20210330_level-01B_run-007,sub-cp004,0,0,0.9084332,0.89453745,0.8504826,0.8059851,cd94acdf0bcb463b5f48a7c84110a23059899b6b5bf156131694827d7d7bde66,bf6655093e0630396c17dc73f9332f3d174a17e481381d88960c18fa3e36db08
mm__missing_head_movement__hdc_classification__fold_1__seed_45,RETRAIN_WITHOUT_MODALITY,MISSING_HEAD_MOVEMENT,HDC+OnlineHD Hybrid,45,1,,sub-cp004_ses-20210330_level-01B_run-012,sub-cp004,0,0,0.8988962,0.8860442,0.82869834,0.7452433,cd94acdf0bcb463b5f48a7c84110a23059899b6b5bf156131694827d7d7bde66,bf6655093e0630396c17dc73f9332f3d174a17e481381d88960c18fa3e36db08
mm__missing_head_movement__hdc_classification__fold_1__seed_45,RETRAIN_WITHOUT_MODALITY,MISSING_HEAD_MOVEMENT,HDC+OnlineHD Hybrid,45,1,,sub-cp004_ses-20210330_level-02B_run-003,sub-cp004,1,1,0.8577729,0.9051347,0.8853836,0.8229485,cd94acdf0bcb463b5f48a7c84110a23059899b6b5bf156131694827d7d7bde66,bf6655093e0630396c17dc73f9332f3d174a17e481381d88960c18fa3e36db08
mm__missing_head_movement__hdc_classification__fold_1__seed_45,RETRAIN_WITHOUT_MODALITY,MISSING_HEAD_MOVEMENT,HDC+OnlineHD Hybrid,45,1,,sub-cp004_ses-20210330_level-02B_run-008,sub-cp004,1,1,0.88045686,0.8971331,0.8424741,0.73369193,cd94acdf0bcb463b5f48a7c84110a23059899b6b5bf156131694827d7d7bde66,bf6655093e0630396c17dc73f9332f3d174a17e481381d88960c18fa3e36db08
mm__missing_head_movement__hdc_classification__fold_1__seed_45,RETRAIN_WITHOUT_MODALITY,MISSING_HEAD_MOVEMENT,HDC+OnlineHD Hybrid,45,1,,sub-cp004_ses-20210330_level-02B_run-010,sub-cp004,1,1,0.8870353,0.9037155,0.8937715,0.7841008,cd94acdf0bcb463b5f48a7c84110a23059899b6b5bf156131694827d7d7bde66,bf6655093e0630396c17dc73f9332f3d174a17e481381d88960c18fa3e36db08
mm__missing_head_movement__hdc_classification__fold_1__seed_45,RETRAIN_WITHOUT_MODALITY,MISSING_HEAD_MOVEMENT,HDC+OnlineHD Hybrid,45,1,,sub-cp004_ses-20210330_level-03B_run-002,sub-cp004,2,2,0.8389032,0.87328815,0.92422324,0.7890282,cd94acdf0bcb463b5f48a7c84110a23059899b6b5bf156131694827d7d7bde66,bf6655093e0630396c17dc73f9332f3d174a17e481381d88960c18fa3e36db08
mm__missing_head_movement__hdc_classification__fold_1__seed_45,RETRAIN_WITHOUT_MODALITY,MISSING_HEAD_MOVEMENT,HDC+OnlineHD Hybrid,45,1,,sub-cp004_ses-20210330_level-03B_run-005,sub-cp004,2,2,0.84450686,0.85576344,0.8908681,0.8322643,cd94acdf0bcb463b5f48a7c84110a23059899b6b5bf156131694827d7d7bde66,bf6655093e0630396c17dc73f9332f3d174a17e481381d88960c18fa3e36db08
mm__missing_head_movement__hdc_classification__fold_1__seed_45,RETRAIN_WITHOUT_MODALITY,MISSING_HEAD_MOVEMENT,HDC+OnlineHD Hybrid,45,1,,sub-cp004_ses-20210330_level-03B_run-011,sub-cp004,2,2,0.85909015,0.89418304,0.92924845,0.7853421,cd94acdf0bcb463b5f48a7c84110a23059899b6b5bf156131694827d7d7bde66,bf6655093e0630396c17dc73f9332f3d174a17e481381d88960c18fa3e36db08
mm__missing_head_movement__hdc_classification__fold_1__seed_45,RETRAIN_WITHOUT_MODALITY,MISSING_HEAD_MOVEMENT,HDC+OnlineHD Hybrid,45,1,,sub-cp004_ses-20210330_level-04B_run-004,sub-cp004,3,3,0.8477183,0.83562887,0.8395149,0.913292,cd94acdf0bcb463b5f48a7c84110a23059899b6b5bf156131694827d7d7bde66,bf6655093e0630396c17dc73f9332f3d174a17e481381d88960c18fa3e36db08
mm__missing_head_movement__hdc_classification__fold_1__seed_45,RETRAIN_WITHOUT_MODALITY,MISSING_HEAD_MOVEMENT,HDC+OnlineHD Hybrid,45,1,,sub-cp004_ses-20210330_level-04B_run-006,sub-cp004,3,3,0.8591788,0.842903,0.8440088,0.9159215,cd94acdf0bcb463b5f48a7c84110a23059899b6b5bf156131694827d7d7bde66,bf6655093e0630396c17dc73f9332f3d174a17e481381d88960c18fa3e36db08
mm__missing_head_movement__hdc_classification__fold_1__seed_45,RETRAIN_WITHOUT_MODALITY,MISSING_HEAD_MOVEMENT,HDC+OnlineHD Hybrid,45,1,,sub-cp004_ses-20210330_level-04B_run-009,sub-cp004,3,3,0.8661435,0.84546345,0.8563824,0.910841,cd94acdf0bcb463b5f48a7c84110a23059899b6b5bf156131694827d7d7bde66,bf6655093e0630396c17dc73f9332f3d174a17e481381d88960c18fa3e36db08
mm__missing_head_movement__hdc_classification__fold_1__seed_45,RETRAIN_WITHOUT_MODALITY,MISSING_HEAD_MOVEMENT,HDC+OnlineHD Hybrid,45,1,,sub-cp011_ses-20210408_level-01B_run-001,sub-cp011,0,0,0.875509,0.8617338,0.8094746,0.8275502,cd94acdf0bcb463b5f48a7c84110a23059899b6b5bf156131694827d7d7bde66,bf6655093e0630396c17dc73f9332f3d174a17e481381d88960c18fa3e36db08
mm__missing_head_movement__hdc_classification__fold_1__seed_45,RETRAIN_WITHOUT_MODALITY,MISSING_HEAD_MOVEMENT,HDC+OnlineHD Hybrid,45,1,,sub-cp011_ses-20210408_level-01B_run-007,sub-cp011,0,0,0.84744364,0.8226849,0.7576406,0.78776294,cd94acdf0bcb463b5f48a7c84110a23059899b6b5bf156131694827d7d7bde66,bf6655093e0630396c17dc73f9332f3d174a17e481381d88960c18fa3e36db08
mm__missing_head_movement__hdc_classification__fold_1__seed_45,RETRAIN_WITHOUT_MODALITY,MISSING_HEAD_MOVEMENT,HDC+OnlineHD Hybrid,45,1,,sub-cp011_ses-20210408_level-01B_run-012,sub-cp011,0,0,0.87072504,0.86039394,0.7927899,0.8312458,cd94acdf0bcb463b5f48a7c84110a23059899b6b5bf156131694827d7d7bde66,bf6655093e0630396c17dc73f9332f3d174a17e481381d88960c18fa3e36db08
mm__missing_head_movement__hdc_classification__fold_1__seed_45,RETRAIN_WITHOUT_MODALITY,MISSING_HEAD_MOVEMENT,HDC+OnlineHD Hybrid,45,1,,sub-cp011_ses-20210408_level-02B_run-003,sub-cp011,1,2,0.69224685,0.75260884,0.78777546,0.7656139,cd94acdf0bcb463b5f48a7c84110a23059899b6b5bf156131694827d7d7bde66,bf6655093e0630396c17dc73f9332f3d174a17e481381d88960c18fa3e36db08
mm__missing_head_movement__hdc_classification__fold_1__seed_45,RETRAIN_WITHOUT_MODALITY,MISSING_HEAD_MOVEMENT,HDC+OnlineHD Hybrid,45,1,,sub-cp011_ses-20210408_level-02B_run-008,sub-cp011,1,1,0.85627455,0.8922269,0.8458456,0.8121159,cd94acdf0bcb463b5f48a7c84110a23059899b6b5bf156131694827d7d7bde66,bf6655093e0630396c17dc73f9332f3d174a17e481381d88960c18fa3e36db08
mm__missing_head_movement__hdc_classification__fold_1__seed_45,RETRAIN_WITHOUT_MODALITY,MISSING_HEAD_MOVEMENT,HDC+OnlineHD Hybrid,45,1,,sub-cp011_ses-20210408_level-02B_run-010,sub-cp011,1,1,0.8707852,0.91068554,0.8918358,0.7996118,cd94acdf0bcb463b5f48a7c84110a23059899b6b5bf156131694827d7d7bde66,bf6655093e0630396c17dc73f9332f3d174a17e481381d88960c18fa3e36db08
mm__missing_head_movement__hdc_classification__fold_1__seed_45,RETRAIN_WITHOUT_MODALITY,MISSING_HEAD_MOVEMENT,HDC+OnlineHD Hybrid,45,1,,sub-cp011_ses-20210408_level-03B_run-002,sub-cp011,2,2,0.7322259,0.77855974,0.8359445,0.80361396,cd94acdf0bcb463b5f48a7c84110a23059899b6b5bf156131694827d7d7bde66,bf6655093e0630396c17dc73f9332f3d174a17e481381d88960c18fa3e36db08
mm__missing_head_movement__hdc_classification__fold_1__seed_45,RETRAIN_WITHOUT_MODALITY,MISSING_HEAD_MOVEMENT,HDC+OnlineHD Hybrid,45,1,,sub-cp011_ses-20210408_level-03B_run-005,sub-cp011,2,1,0.84954464,0.8644678,0.85509515,0.8540083,cd94acdf0bcb463b5f48a7c84110a23059899b6b5bf156131694827d7d7bde66,bf6655093e0630396c17dc73f9332f3d174a17e481381d88960c18fa3e36db08
mm__missing_head_movement__hdc_classification__fold_1__seed_45,RETRAIN_WITHOUT_MODALITY,MISSING_HEAD_MOVEMENT,HDC+OnlineHD Hybrid,45,1,,sub-cp011_ses-20210408_level-03B_run-011,sub-cp011,2,1,0.8426187,0.8705645,0.84540385,0.84685224,cd94acdf0bcb463b5f48a7c84110a23059899b6b5bf156131694827d7d7bde66,bf6655093e0630396c17dc73f9332f3d174a17e481381d88960c18fa3e36db08
mm__missing_head_movement__hdc_classification__fold_1__seed_45,RETRAIN_WITHOUT_MODALITY,MISSING_HEAD_MOVEMENT,HDC+OnlineHD Hybrid,45,1,,sub-cp011_ses-20210408_level-04B_run-004,sub-cp011,3,3,0.8077965,0.8153818,0.82690936,0.84062487,cd94acdf0bcb463b5f48a7c84110a23059899b6b5bf156131694827d7d7bde66,bf6655093e0630396c17dc73f9332f3d174a17e481381d88960c18fa3e36db08
mm__missing_head_movement__hdc_classification__fold_1__seed_45,RETRAIN_WITHOUT_MODALITY,MISSING_HEAD_MOVEMENT,HDC+OnlineHD Hybrid,45,1,,sub-cp011_ses-20210408_level-04B_run-006,sub-cp011,3,3,0.77844197,0.80705667,0.83153015,0.8887275,cd94acdf0bcb463b5f48a7c84110a23059899b6b5bf156131694827d7d7bde66,bf6655093e0630396c17dc73f9332f3d174a17e481381d88960c18fa3e36db08
mm__missing_head_movement__hdc_classification__fold_1__seed_45,RETRAIN_WITHOUT_MODALITY,MISSING_HEAD_MOVEMENT,HDC+OnlineHD Hybrid,45,1,,sub-cp011_ses-20210408_level-04B_run-009,sub-cp011,3,3,0.83404005,0.85330427,0.8500329,0.8872242,cd94acdf0bcb463b5f48a7c84110a23059899b6b5bf156131694827d7d7bde66,bf6655093e0630396c17dc73f9332f3d174a17e481381d88960c18fa3e36db08
mm__missing_head_movement__hdc_classification__fold_1__seed_45,RETRAIN_WITHOUT_MODALITY,MISSING_HEAD_MOVEMENT,HDC+OnlineHD Hybrid,45,1,,sub-cp016_ses-20210528_level-01B_run-001,sub-cp016,0,0,0.94822603,0.87592345,0.8181971,0.7718952,cd94acdf0bcb463b5f48a7c84110a23059899b6b5bf156131694827d7d7bde66,bf6655093e0630396c17dc73f9332f3d174a17e481381d88960c18fa3e36db08
mm__missing_head_movement__hdc_classification__fold_1__seed_45,RETRAIN_WITHOUT_MODALITY,MISSING_HEAD_MOVEMENT,HDC+OnlineHD Hybrid,45,1,,sub-cp016_ses-20210528_level-01B_run-007,sub-cp016,0,0,0.90257233,0.84525746,0.79362816,0.7415058,cd94acdf0bcb463b5f48a7c84110a23059899b6b5bf156131694827d7d7bde66,bf6655093e0630396c17dc73f9332f3d174a17e481381d88960c18fa3e36db08
mm__missing_head_movement__hdc_classification__fold_1__seed_45,RETRAIN_WITHOUT_MODALITY,MISSING_HEAD_MOVEMENT,HDC+OnlineHD Hybrid,45,1,,sub-cp016_ses-20210528_level-01B_run-012,sub-cp016,0,0,0.9365192,0.8648026,0.82708514,0.78352076,cd94acdf0bcb463b5f48a7c84110a23059899b6b5bf156131694827d7d7bde66,bf6655093e0630396c17dc73f9332f3d174a17e481381d88960c18fa3e36db08
mm__missing_head_movement__hdc_classification__fold_1__seed_45,RETRAIN_WITHOUT_MODALITY,MISSING_HEAD_MOVEMENT,HDC+OnlineHD Hybrid,45,1,,sub-cp016_ses-20210528_level-02B_run-003,sub-cp016,1,1,0.89989424,0.9216797,0.8701803,0.75836277,cd94acdf0bcb463b5f48a7c84110a23059899b6b5bf156131694827d7d7bde66,bf6655093e0630396c17dc73f9332f3d174a17e481381d88960c18fa3e36db08
mm__missing_head_movement__hdc_classification__fold_1__seed_45,RETRAIN_WITHOUT_MODALITY,MISSING_HEAD_MOVEMENT,HDC+OnlineHD Hybrid,45,1,,sub-cp016_ses-20210528_level-02B_run-008,sub-cp016,1,1,0.8824988,0.91092014,0.83334464,0.7299469,cd94acdf0bcb463b5f48a7c84110a23059899b6b5bf156131694827d7d7bde66,bf6655093e0630396c17dc73f9332f3d174a17e481381d88960c18fa3e36db08
mm__missing_head_movement__hdc_classification__fold_1__seed_45,RETRAIN_WITHOUT_MODALITY,MISSING_HEAD_MOVEMENT,HDC+OnlineHD Hybrid,45,1,,sub-cp016_ses-20210528_level-02B_run-010,sub-cp016,1,1,0.85793763,0.9120922,0.8522246,0.72817326,cd94acdf0bcb463b5f48a7c84110a23059899b6b5bf156131694827d7d7bde66,bf6655093e0630396c17dc73f9332f3d174a17e481381d88960c18fa3e36db08
mm__missing_head_movement__hdc_classification__fold_1__seed_45,RETRAIN_WITHOUT_MODALITY,MISSING_HEAD_MOVEMENT,HDC+OnlineHD Hybrid,45,1,,sub-cp016_ses-20210528_level-03B_run-002,sub-cp016,2,2,0.81375736,0.8374253,0.8764727,0.7226395,cd94acdf0bcb463b5f48a7c84110a23059899b6b5bf156131694827d7d7bde66,bf6655093e0630396c17dc73f9332f3d174a17e481381d88960c18fa3e36db08
mm__missing_head_movement__hdc_classification__fold_1__seed_45,RETRAIN_WITHOUT_MODALITY,MISSING_HEAD_MOVEMENT,HDC+OnlineHD Hybrid,45,1,,sub-cp016_ses-20210528_level-03B_run-005,sub-cp016,2,2,0.8212341,0.85582054,0.8877547,0.7302589,cd94acdf0bcb463b5f48a7c84110a23059899b6b5bf156131694827d7d7bde66,bf6655093e0630396c17dc73f9332f3d174a17e481381d88960c18fa3e36db08
mm__missing_head_movement__hdc_classification__fold_1__seed_45,RETRAIN_WITHOUT_MODALITY,MISSING_HEAD_MOVEMENT,HDC+OnlineHD Hybrid,45,1,,sub-cp016_ses-20210528_level-03B_run-011,sub-cp016,2,2,0.8249377,0.8523499,0.88034034,0.7237779,cd94acdf0bcb463b5f48a7c84110a23059899b6b5bf156131694827d7d7bde66,bf6655093e0630396c17dc73f9332f3d174a17e481381d88960c18fa3e36db08
mm__missing_head_movement__hdc_classification__fold_1__seed_45,RETRAIN_WITHOUT_MODALITY,MISSING_HEAD_MOVEMENT,HDC+OnlineHD Hybrid,45,1,,sub-cp016_ses-20210528_level-04B_run-004,sub-cp016,3,3,0.84506226,0.84225553,0.8657986,0.90231675,cd94acdf0bcb463b5f48a7c84110a23059899b6b5bf156131694827d7d7bde66,bf6655093e0630396c17dc73f9332f3d174a17e481381d88960c18fa3e36db08
mm__missing_head_movement__hdc_classification__fold_1__seed_45,RETRAIN_WITHOUT_MODALITY,MISSING_HEAD_MOVEMENT,HDC+OnlineHD Hybrid,45,1,,sub-cp016_ses-20210528_level-04B_run-006,sub-cp016,3,3,0.855431,0.8289635,0.85933685,0.93077236,cd94acdf0bcb463b5f48a7c84110a23059899b6b5bf156131694827d7d7bde66,bf6655093e0630396c17dc73f9332f3d174a17e481381d88960c18fa3e36db08
mm__missing_head_movement__hdc_classification__fold_1__seed_45,RETRAIN_WITHOUT_MODALITY,MISSING_HEAD_MOVEMENT,HDC+OnlineHD Hybrid,45,1,,sub-cp016_ses-20210528_level-04B_run-009,sub-cp016,3,3,0.84044975,0.8193502,0.85209864,0.88561773,cd94acdf0bcb463b5f48a7c84110a23059899b6b5bf156131694827d7d7bde66,bf6655093e0630396c17dc73f9332f3d174a17e481381d88960c18fa3e36db08
mm__missing_head_movement__hdc_classification__fold_1__seed_45,RETRAIN_WITHOUT_MODALITY,MISSING_HEAD_MOVEMENT,HDC+OnlineHD Hybrid,45,1,,sub-cp027_ses-20210722_level-01B_run-001,sub-cp027,0,0,0.9139663,0.89824915,0.84435236,0.7556845,cd94acdf0bcb463b5f48a7c84110a23059899b6b5bf156131694827d7d7bde66,bf6655093e0630396c17dc73f9332f3d174a17e481381d88960c18fa3e36db08
mm__missing_head_movement__hdc_classification__fold_1__seed_45,RETRAIN_WITHOUT_MODALITY,MISSING_HEAD_MOVEMENT,HDC+OnlineHD Hybrid,45,1,,sub-cp027_ses-20210722_level-01B_run-007,sub-cp027,0,0,0.9145275,0.9053258,0.8466971,0.7559,cd94acdf0bcb463b5f48a7c84110a23059899b6b5bf156131694827d7d7bde66,bf6655093e0630396c17dc73f9332f3d174a17e481381d88960c18fa3e36db08
mm__missing_head_movement__hdc_classification__fold_1__seed_45,RETRAIN_WITHOUT_MODALITY,MISSING_HEAD_MOVEMENT,HDC+OnlineHD Hybrid,45,1,,sub-cp027_ses-20210722_level-01B_run-012,sub-cp027,0,0,0.9429357,0.89373356,0.83159643,0.7673254,cd94acdf0bcb463b5f48a7c84110a23059899b6b5bf156131694827d7d7bde66,bf6655093e0630396c17dc73f9332f3d174a17e481381d88960c18fa3e36db08
mm__missing_head_movement__hdc_classification__fold_1__seed_45,RETRAIN_WITHOUT_MODALITY,MISSING_HEAD_MOVEMENT,HDC+OnlineHD Hybrid,45,1,,sub-cp027_ses-20210722_level-02B_run-003,sub-cp027,1,1,0.88235956,0.9299062,0.876555,0.7531002,cd94acdf0bcb463b5f48a7c84110a23059899b6b5bf156131694827d7d7bde66,bf6655093e0630396c17dc73f9332f3d174a17e481381d88960c18fa3e36db08
mm__missing_head_movement__hdc_classification__fold_1__seed_45,RETRAIN_WITHOUT_MODALITY,MISSING_HEAD_MOVEMENT,HDC+OnlineHD Hybrid,45,1,,sub-cp027_ses-20210722_level-02B_run-008,sub-cp027,1,1,0.86302006,0.91309047,0.8897133,0.73905826,cd94acdf0bcb463b5f48a7c84110a23059899b6b5bf156131694827d7d7bde66,bf6655093e0630396c17dc73f9332f3d174a17e481381d88960c18fa3e36db08
mm__missing_head_movement__hdc_classification__fold_1__seed_45,RETRAIN_WITHOUT_MODALITY,MISSING_HEAD_MOVEMENT,HDC+OnlineHD Hybrid,45,1,,sub-cp027_ses-20210722_level-02B_run-010,sub-cp027,1,1,0.88939804,0.92187876,0.8500621,0.73942065,cd94acdf0bcb463b5f48a7c84110a23059899b6b5bf156131694827d7d7bde66,bf6655093e0630396c17dc73f9332f3d174a17e481381d88960c18fa3e36db08
mm__missing_head_movement__hdc_classification__fold_1__seed_45,RETRAIN_WITHOUT_MODALITY,MISSING_HEAD_MOVEMENT,HDC+OnlineHD Hybrid,45,1,,sub-cp027_ses-20210722_level-03B_run-002,sub-cp027,2,2,0.8709815,0.88316464,0.90472937,0.7851863,cd94acdf0bcb463b5f48a7c84110a23059899b6b5bf156131694827d7d7bde66,bf6655093e0630396c17dc73f9332f3d174a17e481381d88960c18fa3e36db08
mm__missing_head_movement__hdc_classification__fold_1__seed_45,RETRAIN_WITHOUT_MODALITY,MISSING_HEAD_MOVEMENT,HDC+OnlineHD Hybrid,45,1,,sub-cp027_ses-20210722_level-03B_run-005,sub-cp027,2,2,0.8490297,0.8560574,0.8973365,0.7484821,cd94acdf0bcb463b5f48a7c84110a23059899b6b5bf156131694827d7d7bde66,bf6655093e0630396c17dc73f9332f3d174a17e481381d88960c18fa3e36db08
mm__missing_head_movement__hdc_classification__fold_1__seed_45,RETRAIN_WITHOUT_MODALITY,MISSING_HEAD_MOVEMENT,HDC+OnlineHD Hybrid,45,1,,sub-cp027_ses-20210722_level-03B_run-011,sub-cp027,2,2,0.8581112,0.8785065,0.9180027,0.7633821,cd94acdf0bcb463b5f48a7c84110a23059899b6b5bf156131694827d7d7bde66,bf6655093e0630396c17dc73f9332f3d174a17e481381d88960c18fa3e36db08
mm__missing_head_movement__hdc_classification__fold_1__seed_45,RETRAIN_WITHOUT_MODALITY,MISSING_HEAD_MOVEMENT,HDC+OnlineHD Hybrid,45,1,,sub-cp027_ses-20210722_level-04B_run-004,sub-cp027,3,3,0.84106153,0.8489338,0.87507,0.92251265,cd94acdf0bcb463b5f48a7c84110a23059899b6b5bf156131694827d7d7bde66,bf6655093e0630396c17dc73f9332f3d174a17e481381d88960c18fa3e36db08
mm__missing_head_movement__hdc_classification__fold_1__seed_45,RETRAIN_WITHOUT_MODALITY,MISSING_HEAD_MOVEMENT,HDC+OnlineHD Hybrid,45,1,,sub-cp027_ses-20210722_level-04B_run-006,sub-cp027,3,2,0.84855205,0.866274,0.89556915,0.87969023,cd94acdf0bcb463b5f48a7c84110a23059899b6b5bf156131694827d7d7bde66,bf6655093e0630396c17dc73f9332f3d174a17e481381d88960c18fa3e36db08
mm__missing_head_movement__hdc_classification__fold_1__seed_45,RETRAIN_WITHOUT_MODALITY,MISSING_HEAD_MOVEMENT,HDC+OnlineHD Hybrid,45,1,,sub-cp027_ses-20210722_level-04B_run-009,sub-cp027,3,3,0.84356517,0.8582582,0.88250166,0.8945868,cd94acdf0bcb463b5f48a7c84110a23059899b6b5bf156131694827d7d7bde66,bf6655093e0630396c17dc73f9332f3d174a17e481381d88960c18fa3e36db08
mm__missing_head_movement__hdc_classification__fold_1__seed_45,RETRAIN_WITHOUT_MODALITY,MISSING_HEAD_MOVEMENT,HDC+OnlineHD Hybrid,45,1,,sub-cp033_ses-20211215_level-01B_run-001,sub-cp033,0,1,0.88351583,0.9063928,0.85024977,0.7473526,cd94acdf0bcb463b5f48a7c84110a23059899b6b5bf156131694827d7d7bde66,bf6655093e0630396c17dc73f9332f3d174a17e481381d88960c18fa3e36db08
mm__missing_head_movement__hdc_classification__fold_1__seed_45,RETRAIN_WITHOUT_MODALITY,MISSING_HEAD_MOVEMENT,HDC+OnlineHD Hybrid,45,1,,sub-cp033_ses-20211215_level-01B_run-007,sub-cp033,0,0,0.9028201,0.881267,0.8692633,0.8265894,cd94acdf0bcb463b5f48a7c84110a23059899b6b5bf156131694827d7d7bde66,bf6655093e0630396c17dc73f9332f3d174a17e481381d88960c18fa3e36db08
mm__missing_head_movement__hdc_classification__fold_1__seed_45,RETRAIN_WITHOUT_MODALITY,MISSING_HEAD_MOVEMENT,HDC+OnlineHD Hybrid,45,1,,sub-cp033_ses-20211215_level-01B_run-012,sub-cp033,0,0,0.88899356,0.8830435,0.8384499,0.813296,cd94acdf0bcb463b5f48a7c84110a23059899b6b5bf156131694827d7d7bde66,bf6655093e0630396c17dc73f9332f3d174a17e481381d88960c18fa3e36db08
mm__missing_head_movement__hdc_classification__fold_1__seed_45,RETRAIN_WITHOUT_MODALITY,MISSING_HEAD_MOVEMENT,HDC+OnlineHD Hybrid,45,1,,sub-cp033_ses-20211215_level-02B_run-003,sub-cp033,1,2,0.8720717,0.8947393,0.90026414,0.83666605,cd94acdf0bcb463b5f48a7c84110a23059899b6b5bf156131694827d7d7bde66,bf6655093e0630396c17dc73f9332f3d174a17e481381d88960c18fa3e36db08
mm__missing_head_movement__hdc_classification__fold_1__seed_45,RETRAIN_WITHOUT_MODALITY,MISSING_HEAD_MOVEMENT,HDC+OnlineHD Hybrid,45,1,,sub-cp033_ses-20211215_level-02B_run-008,sub-cp033,1,1,0.912543,0.9127446,0.86144084,0.7725008,cd94acdf0bcb463b5f48a7c84110a23059899b6b5bf156131694827d7d7bde66,bf6655093e0630396c17dc73f9332f3d174a17e481381d88960c18fa3e36db08
mm__missing_head_movement__hdc_classification__fold_1__seed_45,RETRAIN_WITHOUT_MODALITY,MISSING_HEAD_MOVEMENT,HDC+OnlineHD Hybrid,45,1,,sub-cp033_ses-20211215_level-02B_run-010,sub-cp033,1,0,0.9176529,0.885822,0.8430618,0.79966253,cd94acdf0bcb463b5f48a7c84110a23059899b6b5bf156131694827d7d7bde66,bf6655093e0630396c17dc73f9332f3d174a17e481381d88960c18fa3e36db08
mm__missing_head_movement__hdc_classification__fold_1__seed_45,RETRAIN_WITHOUT_MODALITY,MISSING_HEAD_MOVEMENT,HDC+OnlineHD Hybrid,45,1,,sub-cp033_ses-20211215_level-03B_run-002,sub-cp033,2,1,0.8735546,0.88179046,0.87114644,0.839909,cd94acdf0bcb463b5f48a7c84110a23059899b6b5bf156131694827d7d7bde66,bf6655093e0630396c17dc73f9332f3d174a17e481381d88960c18fa3e36db08
mm__missing_head_movement__hdc_classification__fold_1__seed_45,RETRAIN_WITHOUT_MODALITY,MISSING_HEAD_MOVEMENT,HDC+OnlineHD Hybrid,45,1,,sub-cp033_ses-20211215_level-03B_run-005,sub-cp033,2,2,0.85368484,0.89001864,0.89250165,0.8248535,cd94acdf0bcb463b5f48a7c84110a23059899b6b5bf156131694827d7d7bde66,bf6655093e0630396c17dc73f9332f3d174a17e481381d88960c18fa3e36db08
mm__missing_head_movement__hdc_classification__fold_1__seed_45,RETRAIN_WITHOUT_MODALITY,MISSING_HEAD_MOVEMENT,HDC+OnlineHD Hybrid,45,1,,sub-cp033_ses-20211215_level-03B_run-011,sub-cp033,2,2,0.8943371,0.8693646,0.91692597,0.8067667,cd94acdf0bcb463b5f48a7c84110a23059899b6b5bf156131694827d7d7bde66,bf6655093e0630396c17dc73f9332f3d174a17e481381d88960c18fa3e36db08
mm__missing_head_movement__hdc_classification__fold_1__seed_45,RETRAIN_WITHOUT_MODALITY,MISSING_HEAD_MOVEMENT,HDC+OnlineHD Hybrid,45,1,,sub-cp033_ses-20211215_level-04B_run-004,sub-cp033,3,3,0.836813,0.84326315,0.8422342,0.9011112,cd94acdf0bcb463b5f48a7c84110a23059899b6b5bf156131694827d7d7bde66,bf6655093e0630396c17dc73f9332f3d174a17e481381d88960c18fa3e36db08
mm__missing_head_movement__hdc_classification__fold_1__seed_45,RETRAIN_WITHOUT_MODALITY,MISSING_HEAD_MOVEMENT,HDC+OnlineHD Hybrid,45,1,,sub-cp033_ses-20211215_level-04B_run-006,sub-cp033,3,3,0.8554369,0.8507942,0.88589185,0.91151136,cd94acdf0bcb463b5f48a7c84110a23059899b6b5bf156131694827d7d7bde66,bf6655093e0630396c17dc73f9332f3d174a17e481381d88960c18fa3e36db08
mm__missing_head_movement__hdc_classification__fold_1__seed_45,RETRAIN_WITHOUT_MODALITY,MISSING_HEAD_MOVEMENT,HDC+OnlineHD Hybrid,45,1,,sub-cp033_ses-20211215_level-04B_run-009,sub-cp033,3,3,0.86319274,0.8332382,0.86857265,0.925699,cd94acdf0bcb463b5f48a7c84110a23059899b6b5bf156131694827d7d7bde66,bf6655093e0630396c17dc73f9332f3d174a17e481381d88960c18fa3e36db08
mm__missing_head_movement__hdc_classification__fold_1__seed_45,RETRAIN_WITHOUT_MODALITY,MISSING_HEAD_MOVEMENT,HDC+OnlineHD Hybrid,45,1,,sub-cp039_ses-20211219_level-01B_run-001,sub-cp039,0,2,0.6913911,0.71419656,0.7897652,0.74831486,cd94acdf0bcb463b5f48a7c84110a23059899b6b5bf156131694827d7d7bde66,bf6655093e0630396c17dc73f9332f3d174a17e481381d88960c18fa3e36db08
mm__missing_head_movement__hdc_classification__fold_1__seed_45,RETRAIN_WITHOUT_MODALITY,MISSING_HEAD_MOVEMENT,HDC+OnlineHD Hybrid,45,1,,sub-cp039_ses-20211219_level-01B_run-007,sub-cp039,0,2,0.67415017,0.7379162,0.7401414,0.71945685,cd94acdf0bcb463b5f48a7c84110a23059899b6b5bf156131694827d7d7bde66,bf6655093e0630396c17dc73f9332f3d174a17e481381d88960c18fa3e36db08
mm__missing_head_movement__hdc_classification__fold_1__seed_45,RETRAIN_WITHOUT_MODALITY,MISSING_HEAD_MOVEMENT,HDC+OnlineHD Hybrid,45,1,,sub-cp039_ses-20211219_level-01B_run-012,sub-cp039,0,1,0.70610034,0.7408262,0.71699303,0.7218404,cd94acdf0bcb463b5f48a7c84110a23059899b6b5bf156131694827d7d7bde66,bf6655093e0630396c17dc73f9332f3d174a17e481381d88960c18fa3e36db08
mm__missing_head_movement__hdc_classification__fold_1__seed_45,RETRAIN_WITHOUT_MODALITY,MISSING_HEAD_MOVEMENT,HDC+OnlineHD Hybrid,45,1,,sub-cp039_ses-20211219_level-02B_run-003,sub-cp039,1,2,0.62332386,0.68192714,0.73195916,0.7062983,cd94acdf0bcb463b5f48a7c84110a23059899b6b5bf156131694827d7d7bde66,bf6655093e0630396c17dc73f9332f3d174a17e481381d88960c18fa3e36db08
mm__missing_head_movement__hdc_classification__fold_1__seed_45,RETRAIN_WITHOUT_MODALITY,MISSING_HEAD_MOVEMENT,HDC+OnlineHD Hybrid,45,1,,sub-cp039_ses-20211219_level-02B_run-008,sub-cp039,1,2,0.7279054,0.74870765,0.7843478,0.71324015,cd94acdf0bcb463b5f48a7c84110a23059899b6b5bf156131694827d7d7bde66,bf6655093e0630396c17dc73f9332f3d174a17e481381d88960c18fa3e36db08
mm__missing_head_movement__hdc_classification__fold_1__seed_45,RETRAIN_WITHOUT_MODALITY,MISSING_HEAD_MOVEMENT,HDC+OnlineHD Hybrid,45,1,,sub-cp039_ses-20211219_level-02B_run-010,sub-cp039,1,3,0.6364089,0.69772196,0.7341466,0.73564166,cd94acdf0bcb463b5f48a7c84110a23059899b6b5bf156131694827d7d7bde66,bf6655093e0630396c17dc73f9332f3d174a17e481381d88960c18fa3e36db08
mm__missing_head_movement__hdc_classification__fold_1__seed_45,RETRAIN_WITHOUT_MODALITY,MISSING_HEAD_MOVEMENT,HDC+OnlineHD Hybrid,45,1,,sub-cp039_ses-20211219_level-03B_run-002,sub-cp039,2,2,0.58704734,0.633595,0.6978163,0.69590306,cd94acdf0bcb463b5f48a7c84110a23059899b6b5bf156131694827d7d7bde66,bf6655093e0630396c17dc73f9332f3d174a17e481381d88960c18fa3e36db08
mm__missing_head_movement__hdc_classification__fold_1__seed_45,RETRAIN_WITHOUT_MODALITY,MISSING_HEAD_MOVEMENT,HDC+OnlineHD Hybrid,45,1,,sub-cp039_ses-20211219_level-03B_run-005,sub-cp039,2,2,0.66026527,0.71135217,0.75188905,0.7243411,cd94acdf0bcb463b5f48a7c84110a23059899b6b5bf156131694827d7d7bde66,bf6655093e0630396c17dc73f9332f3d174a17e481381d88960c18fa3e36db08
mm__missing_head_movement__hdc_classification__fold_1__seed_45,RETRAIN_WITHOUT_MODALITY,MISSING_HEAD_MOVEMENT,HDC+OnlineHD Hybrid,45,1,,sub-cp039_ses-20211219_level-03B_run-011,sub-cp039,2,2,0.66728026,0.71953857,0.78796786,0.75162417,cd94acdf0bcb463b5f48a7c84110a23059899b6b5bf156131694827d7d7bde66,bf6655093e0630396c17dc73f9332f3d174a17e481381d88960c18fa3e36db08
mm__missing_head_movement__hdc_classification__fold_1__seed_45,RETRAIN_WITHOUT_MODALITY,MISSING_HEAD_MOVEMENT,HDC+OnlineHD Hybrid,45,1,,sub-cp039_ses-20211219_level-04B_run-004,sub-cp039,3,3,0.623047,0.6575818,0.6962445,0.7014063,cd94acdf0bcb463b5f48a7c84110a23059899b6b5bf156131694827d7d7bde66,bf6655093e0630396c17dc73f9332f3d174a17e481381d88960c18fa3e36db08
mm__missing_head_movement__hdc_classification__fold_1__seed_45,RETRAIN_WITHOUT_MODALITY,MISSING_HEAD_MOVEMENT,HDC+OnlineHD Hybrid,45,1,,sub-cp039_ses-20211219_level-04B_run-006,sub-cp039,3,2,0.6470025,0.6940315,0.729872,0.71890867,cd94acdf0bcb463b5f48a7c84110a23059899b6b5bf156131694827d7d7bde66,bf6655093e0630396c17dc73f9332f3d174a17e481381d88960c18fa3e36db08
mm__missing_head_movement__hdc_classification__fold_1__seed_45,RETRAIN_WITHOUT_MODALITY,MISSING_HEAD_MOVEMENT,HDC+OnlineHD Hybrid,45,1,,sub-cp039_ses-20211219_level-04B_run-009,sub-cp039,3,3,0.6603894,0.6965188,0.7192398,0.7425549,cd94acdf0bcb463b5f48a7c84110a23059899b6b5bf156131694827d7d7bde66,bf6655093e0630396c17dc73f9332f3d174a17e481381d88960c18fa3e36db08
mm__missing_head_movement__hdc_classification__fold_1__seed_45,RETRAIN_WITHOUT_MODALITY,MISSING_HEAD_MOVEMENT,HDC+OnlineHD Hybrid,45,1,,sub-cp043_ses-20220127_level-01B_run-001,sub-cp043,0,0,0.9108653,0.8801405,0.85361093,0.78424156,cd94acdf0bcb463b5f48a7c84110a23059899b6b5bf156131694827d7d7bde66,bf6655093e0630396c17dc73f9332f3d174a17e481381d88960c18fa3e36db08
mm__missing_head_movement__hdc_classification__fold_1__seed_45,RETRAIN_WITHOUT_MODALITY,MISSING_HEAD_MOVEMENT,HDC+OnlineHD Hybrid,45,1,,sub-cp043_ses-20220127_level-01B_run-007,sub-cp043,0,0,0.90206265,0.8941183,0.8801378,0.8357141,cd94acdf0bcb463b5f48a7c84110a23059899b6b5bf156131694827d7d7bde66,bf6655093e0630396c17dc73f9332f3d174a17e481381d88960c18fa3e36db08
mm__missing_head_movement__hdc_classification__fold_1__seed_45,RETRAIN_WITHOUT_MODALITY,MISSING_HEAD_MOVEMENT,HDC+OnlineHD Hybrid,45,1,,sub-cp043_ses-20220127_level-01B_run-012,sub-cp043,0,0,0.88503593,0.841192,0.8620043,0.8157005,cd94acdf0bcb463b5f48a7c84110a23059899b6b5bf156131694827d7d7bde66,bf6655093e0630396c17dc73f9332f3d174a17e481381d88960c18fa3e36db08
mm__missing_head_movement__hdc_classification__fold_1__seed_45,RETRAIN_WITHOUT_MODALITY,MISSING_HEAD_MOVEMENT,HDC+OnlineHD Hybrid,45,1,,sub-cp043_ses-20220127_level-02B_run-003,sub-cp043,1,1,0.8951449,0.91524255,0.86586183,0.746057,cd94acdf0bcb463b5f48a7c84110a23059899b6b5bf156131694827d7d7bde66,bf6655093e0630396c17dc73f9332f3d174a17e481381d88960c18fa3e36db08
mm__missing_head_movement__hdc_classification__fold_1__seed_45,RETRAIN_WITHOUT_MODALITY,MISSING_HEAD_MOVEMENT,HDC+OnlineHD Hybrid,45,1,,sub-cp043_ses-20220127_level-02B_run-008,sub-cp043,1,1,0.9073468,0.9123709,0.85999304,0.76093096,cd94acdf0bcb463b5f48a7c84110a23059899b6b5bf156131694827d7d7bde66,bf6655093e0630396c17dc73f9332f3d174a17e481381d88960c18fa3e36db08
mm__missing_head_movement__hdc_classification__fold_1__seed_45,RETRAIN_WITHOUT_MODALITY,MISSING_HEAD_MOVEMENT,HDC+OnlineHD Hybrid,45,1,,sub-cp043_ses-20220127_level-02B_run-010,sub-cp043,1,1,0.89459145,0.9088099,0.8657118,0.80992144,cd94acdf0bcb463b5f48a7c84110a23059899b6b5bf156131694827d7d7bde66,bf6655093e0630396c17dc73f9332f3d174a17e481381d88960c18fa3e36db08
mm__missing_head_movement__hdc_classification__fold_1__seed_45,RETRAIN_WITHOUT_MODALITY,MISSING_HEAD_MOVEMENT,HDC+OnlineHD Hybrid,45,1,,sub-cp043_ses-20220127_level-03B_run-002,sub-cp043,2,2,0.8138222,0.85814345,0.8792188,0.8057978,cd94acdf0bcb463b5f48a7c84110a23059899b6b5bf156131694827d7d7bde66,bf6655093e0630396c17dc73f9332f3d174a17e481381d88960c18fa3e36db08
mm__missing_head_movement__hdc_classification__fold_1__seed_45,RETRAIN_WITHOUT_MODALITY,MISSING_HEAD_MOVEMENT,HDC+OnlineHD Hybrid,45,1,,sub-cp043_ses-20220127_level-03B_run-005,sub-cp043,2,2,0.85987556,0.8822875,0.9180296,0.7888432,cd94acdf0bcb463b5f48a7c84110a23059899b6b5bf156131694827d7d7bde66,bf6655093e0630396c17dc73f9332f3d174a17e481381d88960c18fa3e36db08
mm__missing_head_movement__hdc_classification__fold_1__seed_45,RETRAIN_WITHOUT_MODALITY,MISSING_HEAD_MOVEMENT,HDC+OnlineHD Hybrid,45,1,,sub-cp043_ses-20220127_level-03B_run-011,sub-cp043,2,2,0.8322017,0.85112023,0.90577936,0.8370023,cd94acdf0bcb463b5f48a7c84110a23059899b6b5bf156131694827d7d7bde66,bf6655093e0630396c17dc73f9332f3d174a17e481381d88960c18fa3e36db08
mm__missing_head_movement__hdc_classification__fold_1__seed_45,RETRAIN_WITHOUT_MODALITY,MISSING_HEAD_MOVEMENT,HDC+OnlineHD Hybrid,45,1,,sub-cp043_ses-20220127_level-04B_run-004,sub-cp043,3,3,0.806058,0.82017034,0.83961177,0.8949065,cd94acdf0bcb463b5f48a7c84110a23059899b6b5bf156131694827d7d7bde66,bf6655093e0630396c17dc73f9332f3d174a17e481381d88960c18fa3e36db08
mm__missing_head_movement__hdc_classification__fold_1__seed_45,RETRAIN_WITHOUT_MODALITY,MISSING_HEAD_MOVEMENT,HDC+OnlineHD Hybrid,45,1,,sub-cp043_ses-20220127_level-04B_run-006,sub-cp043,3,3,0.8194033,0.8270851,0.8582972,0.9059141,cd94acdf0bcb463b5f48a7c84110a23059899b6b5bf156131694827d7d7bde66,bf6655093e0630396c17dc73f9332f3d174a17e481381d88960c18fa3e36db08
mm__missing_head_movement__hdc_classification__fold_1__seed_45,RETRAIN_WITHOUT_MODALITY,MISSING_HEAD_MOVEMENT,HDC+OnlineHD Hybrid,45,1,,sub-cp043_ses-20220127_level-04B_run-009,sub-cp043,3,3,0.83589023,0.8370255,0.8633412,0.9014994,cd94acdf0bcb463b5f48a7c84110a23059899b6b5bf156131694827d7d7bde66,bf6655093e0630396c17dc73f9332f3d174a17e481381d88960c18fa3e36db08
